# SnapNo.[1] z[2]       a[3]       t[4]
  0  16.982377   0.055610  13.634202
  1  15.666667   0.060000  13.605832
  2  15.313214   0.061300  13.597226
  3  14.948963   0.062700  13.587856
  4  14.600624   0.064100  13.578381
  5  14.243902   0.065600  13.568114
  6  13.925373   0.067000  13.558425
  7  13.598540   0.068500  13.547932
  8  13.265335   0.070100  13.536612
  9  12.966480   0.071600  13.525881
 10  12.661202   0.073200  13.514312
 11  12.351135   0.074900  13.501880
 12  12.054830   0.076600  13.489307
 13  11.771392   0.078300  13.476594
 14  11.500000   0.080000  13.463743
 15  11.224939   0.081800  13.449987
 16  10.961723   0.083600  13.436079
 17  10.695906   0.085500  13.421237
 18  10.441648   0.087400  13.406229
 19  10.185682   0.089400  13.390255
 20   9.940919   0.091400  13.374103
 21   9.706638   0.093400  13.357774
 22   9.471204   0.095500  13.340440
 23   9.235415   0.097700  13.322078
 24   9.010010   0.099900  13.303508
 25   8.794319   0.102100  13.284735
 26   8.578544   0.104400  13.264893
 27   8.372071   0.106700  13.244834
 28   8.165903   0.109100  13.223672
 29   7.960574   0.111600  13.201383
 30   7.764242   0.114100  13.178846
 31   7.576329   0.116600  13.156063
 32   7.389262   0.119200  13.132112
 33   7.203445   0.121900  13.106965
 34   7.025682   0.124600  13.081543
 35   6.849294   0.127400  13.054891
 36   6.674597   0.130300  13.026982
 37   6.507508   0.133200  12.998766
 38   6.342144   0.136200  12.969259
 39   6.183908   0.139200  12.939431
 40   6.022472   0.142400  12.907267
 41   5.872852   0.145500  12.875769
 42   5.720430   0.148800  12.841878
 43   5.574622   0.152100  12.807619
 44   5.430868   0.155500  12.771942
 45   5.289308   0.159000  12.734818
 46   5.150062   0.162600  12.696219
 47   5.016847   0.166200  12.657206
 48   4.882353   0.170000  12.615581
 49   4.753740   0.173800  12.573507
 50   4.627462   0.177700  12.529865
 51   4.506608   0.181600  12.485763
 52   4.385030   0.185700  12.438911
 53   4.265929   0.189900  12.390404
 54   4.151984   0.194100  12.341388
 55   4.037783   0.198500  12.289500
 56   3.928536   0.202900  12.237069
 57   3.819277   0.207500  12.181684
 58   3.714757   0.212100  12.125726
 59   3.610420   0.216900  12.066734
 60   3.510600   0.221700  12.007139
 61   3.411116   0.226700  11.944431
 62   3.314064   0.231800  11.879818
 63   3.221190   0.236900  11.814560
 64   3.127115   0.242300  11.744775
 65   3.037142   0.247700  11.674295
 66   2.949447   0.253200  11.601811
 67   2.862495   0.258900  11.525961
 68   2.777862   0.264700  11.448035
 69   2.695492   0.270600  11.368012
 70   2.614022   0.276700  11.284496
 71   2.534818   0.282900  11.198816
 72   2.457815   0.289200  11.110956
 73   2.381806   0.295700  11.019485
 74   2.307972   0.302300  10.925776
 75   2.235199   0.309100  10.828377
 76   2.164557   0.316000  10.728690
 77   2.095017   0.323100  10.625242
 78   2.027551   0.330300  10.519463
 79   1.961208   0.337700  10.409862
 80   1.896032   0.345300  10.296399
 81   1.832861   0.353000  10.180548
 82   1.770851   0.360900  10.060791
 83   1.710027   0.369000   9.937099
 84   1.650411   0.377300   9.809447
 85   1.592689   0.385700   9.679368
 86   1.535497   0.394400   9.543749
 87   1.480159   0.403200   9.405696
 88   1.425418   0.412300   9.262067
 89   1.372479   0.421500   9.116015
 90   1.320724   0.430900   8.965972
 91   1.269632   0.440600   8.810338
 92   1.219756   0.450500   8.650722
 93   1.171553   0.460500   8.488771
 94   1.123593   0.470900   8.319645
 95   1.077275   0.481400   8.148249
 96   1.031694   0.492200   7.971360
 97   0.987281   0.503200   7.790659
 98   0.943635   0.514500   7.604555
 99   0.901141   0.526000   7.414752
100   0.859427   0.537800   7.219668
101   0.818843   0.549800   7.021032
102   0.778726   0.562200   6.815617
103   0.740038   0.574700   6.608484
104   0.701838   0.587600   6.394765
105   0.664447   0.600800   6.176229
106   0.628134   0.614200   5.954648
107   0.592357   0.628000   5.726846
108   0.557390   0.642100   5.494617
109   0.523229   0.656500   5.258108
110   0.489869   0.671200   5.017474
111   0.457301   0.686200   4.772877
112   0.425314   0.701600   4.522864
113   0.394117   0.717300   4.269244
114   0.363698   0.733300   4.012198
115   0.333689   0.749800   3.748724
116   0.304461   0.766600   3.482234
117   0.275998   0.783700   3.212920
118   0.247972   0.801300   2.937861
119   0.220703   0.819200   2.660412
120   0.193887   0.837600   2.377709
121   0.167679   0.856400   2.091545
122   0.142204   0.875500   1.803657
123   0.117194   0.895100   1.511266
124   0.092657   0.915200   1.214654
125   0.068719   0.935700   0.915554
126   0.045260   0.956700   0.612761
127   0.022390   0.978100   0.307969
128  -0.000000   1.000000  -0.000000
